year
1900,
1901,		
1902,		
1903,		
1904,		
1905,		
1906,	
1907,	
1908,    
1909,		
1910,		
1911,	
1912,    	
1913,	
1914,		
1915,		
1916,		
1917,		
1918,		
1919,		
1920,	

hare	
30e3,	
47.2e3,   
70.2e3,   
77.4e3,    
36.3e3,    
20.6e3,    
18.1e3,  
21.4e3,  
22e3,	 
25.4e3,   
27.1e3,   
40.3e3, 
57e3,	
76.6e3,    
52.3e3,    
19.5e3,    
11.2e3,    
7.6e3,	
14.6e3,   
16.2e3,    
24.7e3

lynx  		
4e3,	
6.1e3,	
9.8e3,	
35.2e3,	
59.4e3,	
41.7e3,	
19e3,	
13e3,		
8.3e3,	
9.1e3,	
7.4e3,	
8e3,	    	
12.3e3,	
19.5e3,	
45.7e3,	
51.1e3,	
29.7e3,		
15.8e3,	
9.7e3,	
10.1e3,	
8.6e3	

carrot
48300
48200
41500
38200
40600
39800
38600
42300
44500
42100
46000
46800
43800
40900
39400
39000
36700
41800
43300
41300
47300